date,location,new_cases,new_deaths,total_cases,total_deaths,recover,total_recover,active_cases
9-Jan-2022,Malaysia,2888,23,2786219,31678,2714,2714616,39857
10-Jan-2022,Malaysia,2641,18,2788860,31696,2808,2717424,39678
11-Jan-2022,Malaysia,3175,27,2792035,31723,2977,2720401,39867
12-Jan-2022,Malaysia,3198,15,2795233,31738,3200,2723601,39846
13-Jan-2022,Malaysia,3684,12,2798917,31750,3292,2726893,40217
14-Jan-2022,Malaysia,3346,12,2802263,31762,3052,2729945,40500
15-Jan-2022,Malaysia,3074,19,2805337,31781,2828,2732773,40730
16-Jan-2022,Malaysia,3010,12,2808347,31793,2584,2735357,41142
17-Jan-2022,Malaysia,2342,16,2810689,31809,2907,2738264,40564
18-Jan-2022,Malaysia,3245,9,2813934,31818,3093,2741357,40704
19-Jan-2022,Malaysia,3229,13,2817163,31831,2848,2744205,41074
20-Jan-2022,Malaysia,3764,22,2820927,31853,3254,2747459,41568
21-Jan-2022,Malaysia,4046,16,2824973,31869,2804,2750263,42800
22-Jan-2022,Malaysia,4116,14,2829089,31883,2858,2753121,44050
23-Jan-2022,Malaysia,3856,9,2832945,31892,2814,2755935,45078
24-Jan-2022,Malaysia,3214,10,2836159,31902,3116,2759051,45164
25-Jan-2022,Malaysia,4066,16,2840225,31918,3559,2762610,45666
26-Jan-2022,Malaysia,4744,12,2844969,31930,3646,2766256,46752
27-Jan-2022,Malaysia,5439,10,2850408,31940,4409,2770665,47771
28-Jan-2022,Malaysia,5522,12,2855930,31952,3285,2773950,49995
29-Jan-2022,Malaysia,5139,5,2861069,31957,3767,2777717,51358
30-Jan-2022,Malaysia,4915,8,2865984,31965,3056,2780773,53209
31-Jan-2022,Malaysia,4774,13,2870758,31978,3232,2784005,54743
1-Feb-2022,Malaysia,5566,7,2876324,31985,3187,2787192,57110
2-Feb-2022,Malaysia,5736,7,2882060,31992,3196,2790388,59638
3-Feb-2022,Malaysia,5720,8,2887780,32000,3968,2794356,61383
4-Feb-2022,Malaysia,7234,11,2895014,32011,5254,2799610,63350
5-Feb-2022,Malaysia,9117,14,2904131,32025,6546,2806156,65910
6-Feb-2022,Malaysia,10089,9,2914220,32034,6460,2812616,69520
7-Feb-2022,Malaysia,11034,9,2925254,32043,6036,2818652,74503
8-Feb-2022,Malaysia,13944,13,2939198,32056,5421,2824073,83006
9-Feb-2022,Malaysia,17134,9,2956332,32065,5681,2829754,94444
10-Feb-2022,Malaysia,19090,10,2975422,32075,5712,2835466,107798
11-Feb-2022,Malaysia,20939,24,2996361,32099,5807,2841273,122903
12-Feb-2022,Malaysia,22802,15,3019163,32114,5442,2846715,140234
13-Feb-2022,Malaysia,21072,11,3040235,32125,5724,2852439,155546
14-Feb-2022,Malaysia,21315,24,3061550,32149,8517,2860956,168307
15-Feb-2022,Malaysia,22133,31,3083683,32180,7584,2868540,182823
16-Feb-2022,Malaysia,27831,21,3111514,32201,7912,2876452,202699
17-Feb-2022,Malaysia,26701,39,3138215,32240,11744,2888196,217613
18-Feb-2022,Malaysia,27808,36,3166023,32276,12488,2900684,232878
19-Feb-2022,Malaysia,28825,34,3194848,32310,18514,2919198,243144
20-Feb-2022,Malaysia,26832,37,3221680,32347,18459,2937657,251469
21-Feb-2022,Malaysia,25099,43,3246779,32390,17749,2955406,258776
22-Feb-2022,Malaysia,27179,43,3273958,32433,19037,2974443,266862
23-Feb-2022,Malaysia,31199,55,3305157,32488,20399,2994842,277607
24-Feb-2022,Malaysia,32070,46,3337227,32534,23332,3018174,286286
25-Feb-2022,Malaysia,30644,57,3367871,32591,22678,3040852,294201
26-Feb-2022,Malaysia,27299,43,3395170,32634,22710,3063562,298726
27-Feb-2022,Malaysia,24466,39,3419636,32673,22380,3085942,300748
28-Feb-2022,Malaysia,23100,75,3442736,32748,30624,3116566,293162
1-Mar-2022,Malaysia,25854,78,3468590,32826,25548,3142114,293390
2-Mar-2022,Malaysia,27500,115,3496090,32941,27557,3169671,293255
3-Mar-2022,Malaysia,32467,86,3528557,33027,27629,3197300,298014
4-Mar-2022,Malaysia,33209,78,3561766,33105,26352,3223652,304794
5-Mar-2022,Malaysia,33406,67,3595172,33172,27143,3250795,310979
6-Mar-2022,Malaysia,27435,55,3622607,33227,30335,3281130,308003
7-Mar-2022,Malaysia,26856,77,3649463,33304,30726,3311856,304056
8-Mar-2022,Malaysia,31490,79,3680953,33383,29035,3340891,306436
9-Mar-2022,Malaysia,30246,113,3711199,33496,26653,3367544,309939
10-Mar-2022,Malaysia,30787,70,3741986,33566,26457,3394001,314186
11-Mar-2022,Malaysia,32800,76,3774786,33642,24444,3418445,322467
12-Mar-2022,Malaysia,26250,77,3801036,33719,25089,3443534,323515
13-Mar-2022,Malaysia,22535,87,3823571,33806,25356,3468890,320604
14-Mar-2022,Malaysia,22030,92,3845601,33898,33872,3502762,308674
15-Mar-2022,Malaysia,26534,95,3872135,33993,31234,3533996,303900
16-Mar-2022,Malaysia,28298,105,3900433,34098,33009,3567005,299112
17-Mar-2022,Malaysia,27004,86,3927437,34184,29450,3596455,296596
18-Mar-2022,Malaysia,24241,59,3951678,34243,26615,3623070,294157
19-Mar-2022,Malaysia,22341,85,3974019,34328,33347,3656417,283088
20-Mar-2022,Malaysia,19105,71,3993124,34399,28250,3684667,273876
21-Mar-2022,Malaysia,17828,63,4010952,34462,28003,3712670,263647
22-Mar-2022,Malaysia,21483,73,4032435,34535,32561,3745231,252503
23-Mar-2022,Malaysia,22491,65,4054926,34600,26234,3771465,248709
24-Mar-2022,Malaysia,24316,64,4079242,34664,25512,3796977,247463
25-Mar-2022,Malaysia,21839,52,4101081,34716,22324,3819301,246936
26-Mar-2022,Malaysia,20923,34,4122004,34750,25467,3844768,242346
27-Mar-2022,Malaysia,16863,38,4138867,34788,26171,3870939,232988
28-Mar-2022,Malaysia,13336,54,4152203,34842,25552,3896491,220722
29-Mar-2022,Malaysia,15215,64,4167418,34906,24154,3920645,211750
30-Mar-2022,Malaysia,15941,33,4183359,34939,21186,3941831,206471
31-Mar-2022,Malaysia,18560,44,4201919,34983,18253,3960084,206738
1-Apr-2022,Malaysia,17476,30,4219395,35013,17321,3977405,206855
2-Apr-2022,Malaysia,14692,56,4234087,35069,20383,3997788,201140
3-Apr-2022,Malaysia,12380,30,4246467,35099,20635,4018423,192855
4-Apr-2022,Malaysia,10002,28,4256469,35127,23302,4041725,179524
5-Apr-2022,Malaysia,12017,33,4268486,35160,20431,4062156,171085
6-Apr-2022,Malaysia,12105,32,4280591,35192,21029,4083185,162138
7-Apr-2022,Malaysia,11994,36,4292585,35228,16603,4099788,157514
8-Apr-2022,Malaysia,14944,31,4307529,35259,14045,4113833,158408
9-Apr-2022,Malaysia,10177,21,4317706,35280,15132,4128965,153452
10-Apr-2022,Malaysia,8112,12,4325818,35292,15765,4144730,145799
