n,date,location,new_cases,new_deaths,total_cases,total_deaths,recover,total_recover,active_cases,total_from_n1
1,17-Jan-22,Malaysia,2342,16,2810689,31809,2907,2738264,40564,40564
2,18-Jan-22,Malaysia,3245,9,2813934,31818,3093,2741357,40704,43809
3,19-Jan-22,Malaysia,3229,13,2817163,31831,2848,2744205,41074,47038
4,20-Jan-22,Malaysia,3764,22,2820927,31853,3254,2747459,41568,50802
5,21-Jan-22,Malaysia,4046,16,2824973,31869,2804,2750263,42800,54848
6,22-Jan-22,Malaysia,4116,14,2829089,31883,2858,2753121,44050,58964
7,23-Jan-22,Malaysia,3856,9,2832945,31892,2814,2755935,45078,62820
8,24-Jan-22,Malaysia,3214,10,2836159,31902,3116,2759051,45164,66034
9,25-Jan-22,Malaysia,4066,16,2840225,31918,3559,2762610,45666,70100
10,26-Jan-22,Malaysia,4744,12,2844969,31930,3646,2766256,46752,74844
11,27-Jan-22,Malaysia,5439,10,2850408,31940,4409,2770665,47771,80283
12,28-Jan-22,Malaysia,5522,12,2855930,31952,3285,2773950,49995,85805
13,29-Jan-22,Malaysia,5139,5,2861069,31957,3767,2777717,51358,90944
14,30-Jan-22,Malaysia,4915,8,2865984,31965,3056,2780773,53209,95859
15,31-Jan-22,Malaysia,4774,13,2870758,31978,3232,2784005,54743,100633
16,01-Feb-22,Malaysia,5566,7,2876324,31985,3187,2787192,57110,106199
17,02-Feb-22,Malaysia,5736,7,2882060,31992,3196,2790388,59638,111935
18,03-Feb-22,Malaysia,5720,8,2887780,32000,3968,2794356,61383,117655
19,04-Feb-22,Malaysia,7234,11,2895014,32011,5254,2799610,63350,124889
20,05-Feb-22,Malaysia,9117,14,2904131,32025,6546,2806156,65910,134006
21,06-Feb-22,Malaysia,10089,9,2914220,32034,6460,2812616,69520,144095
22,07-Feb-22,Malaysia,11034,9,2925254,32043,6036,2818652,74503,155129
23,08-Feb-22,Malaysia,13944,13,2939198,32056,5421,2824073,83006,169073
24,09-Feb-22,Malaysia,17134,9,2956332,32065,5681,2829754,94444,186207
25,10-Feb-22,Malaysia,19090,10,2975422,32075,5712,2835466,107798,205297
26,11-Feb-22,Malaysia,20939,24,2996361,32099,5807,2841273,122903,226236
27,12-Feb-22,Malaysia,22802,15,3019163,32114,5442,2846715,140234,249038
28,13-Feb-22,Malaysia,21072,11,3040235,32125,5724,2852439,155546,270110
29,14-Feb-22,Malaysia,21315,24,3061550,32149,8517,2860956,168307,291425
30,15-Feb-22,Malaysia,22133,31,3083683,32180,7584,2868540,182823,313558
31,16-Feb-22,Malaysia,27831,21,3111514,32201,7912,2876452,202699,341389
32,17-Feb-22,Malaysia,26701,39,3138215,32240,11744,2888196,217613,368090
33,18-Feb-22,Malaysia,27808,36,3166023,32276,12488,2900684,232878,395898
34,19-Feb-22,Malaysia,28825,34,3194848,32310,18514,2919198,243144,424723
35,20-Feb-22,Malaysia,26832,37,3221680,32347,18459,2937657,251469,451555
36,21-Feb-22,Malaysia,25099,43,3246779,32390,17749,2955406,258776,476654
37,22-Feb-22,Malaysia,27179,43,3273958,32433,19037,2974443,266862,503833
38,23-Feb-22,Malaysia,31199,55,3305157,32488,20399,2994842,277607,535032
39,24-Feb-22,Malaysia,32070,46,3337227,32534,23332,3018174,286286,567102
40,25-Feb-22,Malaysia,30644,57,3367871,32591,22678,3040852,294201,597746
41,26-Feb-22,Malaysia,27299,43,3395170,32634,22710,3063562,298726,625045
42,27-Feb-22,Malaysia,24466,39,3419636,32673,22380,3085942,300748,649511
43,28-Feb-22,Malaysia,23100,75,3442736,32748,30624,3116566,293162,672611
44,01-Mar-22,Malaysia,25854,78,3468590,32826,25548,3142114,293390,698465
45,02-Mar-22,Malaysia,27500,115,3496090,32941,27557,3169671,293255,725965
46,03-Mar-22,Malaysia,32467,86,3528557,33027,27629,3197300,298014,758432
47,04-Mar-22,Malaysia,33209,78,3561766,33105,26352,3223652,304794,791641
48,05-Mar-22,Malaysia,33406,67,3595172,33172,27143,3250795,310979,825047
49,06-Mar-22,Malaysia,27435,55,3622607,33227,30335,3281130,308003,852482
50,07-Mar-22,Malaysia,26856,77,3649463,33304,30726,3311856,304056,879338
51,08-Mar-22,Malaysia,31490,79,3680953,33383,29035,3340891,306436,910828
52,09-Mar-22,Malaysia,30246,113,3711199,33496,26653,3367544,309939,941074
53,10-Mar-22,Malaysia,30787,70,3741986,33566,26457,3394001,314186,971861
54,11-Mar-22,Malaysia,32800,76,3774786,33642,24444,3418445,322467,1004661
55,12-Mar-22,Malaysia,26250,77,3801036,33719,25089,3443534,323515,1030911
56,13-Mar-22,Malaysia,22535,87,3823571,33806,25356,3468890,320604,1053446
57,14-Mar-22,Malaysia,22030,92,3845601,33898,33872,3502762,308674,1075476
58,15-Mar-22,Malaysia,26534,95,3872135,33993,31234,3533996,303900,1102010
59,16-Mar-22,Malaysia,28298,105,3900433,34098,33009,3567005,299112,1130308
60,17-Mar-22,Malaysia,27004,86,3927437,34184,29450,3596455,296596,1157312
61,18-Mar-22,Malaysia,24241,59,3951678,34243,26615,3623070,294157,1181553
62,19-Mar-22,Malaysia,22341,85,3974019,34328,33347,3656417,283088,1203894
63,20-Mar-22,Malaysia,19105,71,3993124,34399,28250,3684667,273876,1222999
64,21-Mar-22,Malaysia,17828,63,4010952,34462,28003,3712670,263647,1240827
65,22-Mar-22,Malaysia,21483,73,4032435,34535,32561,3745231,252503,1262310
66,23-Mar-22,Malaysia,22491,65,4054926,34600,26234,3771465,248709,1284801
67,24-Mar-22,Malaysia,24316,64,4079242,34664,25512,3796977,247463,1309117
68,25-Mar-22,Malaysia,21839,52,4101081,34716,22324,3819301,246936,1330956
69,26-Mar-22,Malaysia,20923,34,4122004,34750,25467,3844768,242346,1351879
70,27-Mar-22,Malaysia,16863,38,4138867,34788,26171,3870939,232988,1368742
71,28-Mar-22,Malaysia,13336,54,4152203,34842,25552,3896491,220722,1382078
72,29-Mar-22,Malaysia,15215,64,4167418,34906,24154,3920645,211750,1397293
73,30-Mar-22,Malaysia,15941,33,4183359,34939,21186,3941831,206471,1413234
74,31-Mar-22,Malaysia,18560,44,4201919,34983,18253,3960084,206738,1431794
75,01-Apr-22,Malaysia,17476,30,4219395,35013,17321,3977405,206855,1449270
76,02-Apr-22,Malaysia,14692,56,4234087,35069,20383,3997788,201140,1463962
77,03-Apr-22,Malaysia,12380,30,4246467,35099,20635,4018423,192855,1476342
78,04-Apr-22,Malaysia,10002,28,4256469,35127,23302,4041725,179524,1486344
79,05-Apr-22,Malaysia,12017,33,4268486,35160,20431,4062156,171085,1498361
80,06-Apr-22,Malaysia,12105,32,4280591,35192,21029,4083185,162138,1510466
81,07-Apr-22,Malaysia,11994,36,4292585,35228,16603,4099788,157514,1522460
82,08-Apr-22,Malaysia,14944,31,4307529,35259,14045,4113833,158408,1537404
83,09-Apr-22,Malaysia,10177,21,4317706,35280,15132,4128965,153452,1547581
84,10-Apr-22,Malaysia,8112,12,4325818,35292,15765,4144730,145799,1555693
