n,date,location,new_cases,new_deaths,total_cases,total_deaths,recover,total_recover,active_case,icu,support,imported_cases,china,days_china,first,days_first,local,days_local,uda,days_uda,tabligh,days_tabligh,mco,days_mco,renggam,days_renggam,cmco,days_cmco,rmco,days_rmco
1,18-Mar-20,Malaysia,117,0,790,2,11,60,728,15,15,0,1,79,1,54,1,42,1,17,1,20,1,1,1,4,0,0,0,0
2,19-Mar-20,Malaysia,110,0,900,2,15,75,823,20,20,0,1,80,1,55,1,43,1,18,1,21,1,2,1,5,0,0,0,0
3,20-Mar-20,Malaysia,130,0,1030,2,12,87,941,26,26,0,1,81,1,56,1,44,1,19,1,22,1,3,1,6,0,0,0,0
4,21-Mar-20,Malaysia,153,2,1183,4,27,114,1065,37,23,0,1,82,1,57,1,45,1,20,1,23,1,4,1,7,0,0,0,0
5,22-Mar-20,Malaysia,123,6,1306,10,25,139,1157,46,22,0,1,83,1,58,1,46,1,21,1,24,1,5,1,8,0,0,0,0
6,23-Mar-20,Malaysia,212,4,1518,14,20,159,1345,57,27,0,1,84,1,59,1,47,1,22,1,25,1,6,1,9,0,0,0,0
7,24-Mar-20,Malaysia,106,1,1624,15,24,183,1426,64,27,0,1,85,1,60,1,48,1,23,1,26,1,7,1,10,0,0,0,0
8,25-Mar-20,Malaysia,172,4,1796,19,16,199,1578,45,34,0,1,86,1,61,1,49,1,24,1,27,1,8,1,11,0,0,0,0
9,26-Mar-20,Malaysia,235,4,2031,23,16,215,1793,45,32,0,1,87,1,62,1,50,1,25,1,28,1,9,1,12,0,0,0,0
10,27-Mar-20,Malaysia,130,3,2161,26,44,259,1876,54,34,0,1,88,1,63,1,51,1,26,1,29,1,10,1,13,0,0,0,0
11,28-Mar-20,Malaysia,159,1,2320,27,61,320,1973,73,54,0,1,89,1,64,1,52,1,27,1,30,1,11,1,14,0,0,0,0
12,29-Mar-20,Malaysia,150,7,2470,34,68,388,2048,73,52,0,1,90,1,65,1,53,1,28,1,31,1,12,1,15,0,0,0,0
13,30-Mar-20,Malaysia,156,3,2626,37,91,479,2110,94,62,0,1,91,1,66,1,54,1,29,1,32,1,13,1,16,0,0,0,0
14,31-Mar-20,Malaysia,140,6,2766,43,58,537,2186,94,60,0,1,92,1,67,1,55,1,30,1,33,1,14,1,17,0,0,0,0
15,01-Apr-20,Malaysia,142,2,2908,45,108,645,2218,102,66,0,1,93,1,68,1,56,1,31,1,34,1,15,1,18,0,0,0,0
16,02-Apr-20,Malaysia,208,5,3116,50,122,767,2299,105,54,0,1,94,1,69,1,57,1,32,1,35,1,16,1,19,0,0,0,0
17,03-Apr-20,Malaysia,217,3,3333,53,60,827,2453,108,54,0,1,95,1,70,1,58,1,33,1,36,1,17,1,20,0,0,0,0
18,04-Apr-20,Malaysia,150,4,3483,57,88,915,2511,99,50,0,1,96,1,71,1,59,1,34,1,37,1,18,1,21,0,0,0,0
19,05-Apr-20,Malaysia,179,4,3662,61,90,1005,2596,99,48,0,1,97,1,72,1,60,1,35,1,38,1,19,1,22,0,0,0,0
20,06-Apr-20,Malaysia,131,1,3793,62,236,1241,2490,102,54,0,1,98,1,73,1,61,1,36,1,39,1,20,1,23,0,0,0,0
21,07-Apr-20,Malaysia,170,1,3963,63,80,1321,2579,92,50,0,1,99,1,74,1,62,1,37,1,40,1,21,1,24,0,0,0,0
22,08-Apr-20,Malaysia,156,2,4119,65,166,1487,2567,76,45,0,1,100,1,75,1,63,1,38,1,41,1,22,1,25,0,0,0,0
23,09-Apr-20,Malaysia,109,2,4228,67,121,1608,2553,72,43,0,1,101,1,76,1,64,1,39,1,42,1,23,1,26,0,0,0,0
24,10-Apr-20,Malaysia,118,3,4346,70,222,1830,2446,69,40,0,1,102,1,77,1,65,1,40,1,43,1,24,1,27,0,0,0,0
25,11-Apr-20,Malaysia,184,3,4530,73,165,1995,2462,72,38,0,1,103,1,78,1,66,1,41,1,44,1,25,1,28,0,0,0,0
26,12-Apr-20,Malaysia,153,3,4683,76,113,2108,2499,66,37,0,1,104,1,79,1,67,1,42,1,45,1,26,1,29,0,0,0,0
27,13-Apr-20,Malaysia,134,1,4817,77,168,2276,2464,66,36,0,1,105,1,80,1,68,1,43,1,46,1,27,1,30,0,0,0,0
28,14-Apr-20,Malaysia,170,5,4987,82,202,2478,2427,60,33,0,1,106,1,81,1,69,1,44,1,47,1,28,1,31,0,0,0,0
29,15-Apr-20,Malaysia,85,1,5072,83,169,2647,2342,56,32,0,1,107,1,82,1,70,1,45,1,48,1,29,1,32,0,0,0,0
30,16-Apr-20,Malaysia,110,1,5182,84,119,2766,2332,56,29,0,1,108,1,83,1,71,1,46,1,49,1,30,1,33,0,0,0,0
31,17-Apr-20,Malaysia,69,2,5251,86,201,2967,2198,51,26,0,1,109,1,84,1,72,1,47,1,50,1,31,1,34,0,0,0,0
32,18-Apr-20,Malaysia,54,2,5305,88,135,3102,2115,49,26,0,1,110,1,85,1,73,1,48,1,51,1,32,1,35,0,0,0,0
33,19-Apr-20,Malaysia,84,1,5389,89,95,3197,2103,46,26,0,1,111,1,86,1,74,1,49,1,52,1,33,1,36,0,0,0,0
34,20-Apr-20,Malaysia,36,0,5425,89,98,3295,2041,45,28,0,1,112,1,87,1,75,1,50,1,53,1,34,1,37,0,0,0,0
35,21-Apr-20,Malaysia,57,3,5482,92,54,3349,2041,43,27,0,1,113,1,88,1,76,1,51,1,54,1,35,1,38,0,0,0,0
36,22-Apr-20,Malaysia,50,1,5532,93,103,3452,1987,43,25,0,1,114,1,89,1,77,1,52,1,55,1,36,1,39,0,0,0,0
37,23-Apr-20,Malaysia,71,2,5603,95,90,3542,1966,42,21,0,1,115,1,90,1,78,1,53,1,56,1,37,1,40,0,0,0,0
38,24-Apr-20,Malaysia,88,1,5691,96,121,3663,1932,41,18,13,1,116,1,91,1,79,1,54,1,57,1,38,1,41,0,0,0,0
39,25-Apr-20,Malaysia,51,2,5742,98,99,3762,1882,36,16,3,1,117,1,92,1,80,1,55,1,58,1,39,1,42,0,0,0,0
40,26-Apr-20,Malaysia,38,0,5780,98,100,3862,1820,36,15,5,1,118,1,93,1,81,1,56,1,59,1,40,1,43,0,0,0,0
41,27-Apr-20,Malaysia,40,1,5820,99,95,3957,1764,37,17,5,1,119,1,94,1,82,1,57,1,60,1,41,1,44,0,0,0,0
42,28-Apr-20,Malaysia,31,1,5851,100,75,4032,1719,36,17,10,1,120,1,95,1,83,1,58,1,61,1,42,1,45,0,0,0,0
43,29-Apr-20,Malaysia,94,0,5945,100,55,4087,1758,40,18,72,1,121,1,96,1,84,1,59,1,62,1,43,1,46,0,0,0,0
44,30-Apr-20,Malaysia,57,2,6002,102,84,4171,1729,36,14,25,1,122,1,97,1,85,1,60,1,63,1,44,1,47,0,0,0,0
45,01-May-20,Malaysia,69,1,6071,103,39,4210,1758,37,14,12,1,123,1,98,1,86,1,61,1,64,1,45,1,48,0,0,0,0
46,02-May-20,Malaysia,105,0,6176,103,116,4326,1747,31,12,11,1,124,1,99,1,87,1,62,1,65,1,46,1,49,0,0,0,0
47,03-May-20,Malaysia,122,2,6298,105,87,4413,1780,27,13,52,1,125,1,100,1,88,1,63,1,66,1,47,1,50,0,0,0,0
48,04-May-20,Malaysia,55,0,6353,105,71,4484,1764,28,13,7,1,126,1,101,1,89,1,64,1,67,1,48,1,51,1,1,0,0
49,05-May-20,Malaysia,30,1,6383,106,83,4567,1710,24,8,0,1,127,1,102,1,90,1,65,1,68,1,49,1,52,1,2,0,0
50,06-May-20,Malaysia,45,1,6428,107,135,4702,1619,22,9,1,1,128,1,103,1,91,1,66,1,69,1,50,1,53,1,3,0,0
51,07-May-20,Malaysia,39,0,6467,107,74,4776,1584,19,8,1,1,129,1,104,1,92,1,67,1,70,1,51,1,54,1,4,0,0
52,08-May-20,Malaysia,68,0,6535,107,88,4864,1564,18,7,4,1,130,1,105,1,93,1,68,1,71,1,52,1,55,1,5,0,0
53,09-May-20,Malaysia,54,1,6589,108,65,4929,1552,18,6,1,1,131,1,106,1,94,1,69,1,72,1,53,1,56,1,6,0,0
54,10-May-20,Malaysia,67,0,6656,108,96,5025,1523,18,6,0,1,132,1,107,1,95,1,70,1,73,1,54,1,57,1,7,0,0
55,11-May-20,Malaysia,70,1,6726,109,88,5113,1504,20,7,13,1,133,1,108,1,96,1,71,1,74,1,55,1,58,1,8,0,0
56,12-May-20,Malaysia,16,0,6742,109,110,5223,1410,16,3,3,1,134,1,109,1,97,1,72,1,75,1,56,1,59,1,9,0,0
57,13-May-20,Malaysia,37,2,6779,111,58,5281,1387,16,4,4,1,135,1,110,1,98,1,73,1,76,1,57,1,60,1,10,0,0
58,14-May-20,Malaysia,40,1,6819,112,70,5351,1356,16,4,0,1,136,1,111,1,99,1,74,1,77,1,58,1,61,1,11,0,0
59,15-May-20,Malaysia,36,0,6855,112,88,5439,1304,14,5,1,1,137,1,112,1,100,1,75,1,78,1,59,1,62,1,12,0,0
60,16-May-20,Malaysia,17,1,6872,113,73,5512,1247,13,5,6,1,138,1,113,1,101,1,76,1,79,1,60,1,63,1,13,0,0
61,17-May-20,Malaysia,22,0,6894,113,59,5571,1210,13,7,5,1,139,1,114,1,102,1,77,1,80,1,61,1,64,1,14,0,0
62,18-May-20,Malaysia,47,0,6941,113,44,5615,1213,13,6,21,1,140,1,115,1,103,1,78,1,81,1,62,1,65,1,15,0,0
63,19-May-20,Malaysia,37,1,6978,114,31,5646,1218,11,6,2,1,141,1,116,1,104,1,79,1,82,1,63,1,66,1,16,0,0
64,20-May-20,Malaysia,31,0,7009,114,60,5706,1189,11,7,10,1,142,1,117,1,105,1,80,1,83,1,64,1,67,1,17,0,0
65,21-May-20,Malaysia,50,0,7059,114,90,5796,1149,10,7,3,1,143,1,118,1,106,1,81,1,84,1,65,1,68,1,18,0,0
66,22-May-20,Malaysia,78,1,7137,115,63,5859,1163,9,5,25,1,144,1,119,1,107,1,82,1,85,1,66,1,69,1,19,0,0
67,23-May-20,Malaysia,48,0,7185,115,53,5912,1158,9,5,4,1,145,1,120,1,108,1,83,1,86,1,67,1,70,1,20,0,0
68,24-May-20,Malaysia,60,0,7245,115,33,5945,1185,9,4,7,1,146,1,121,1,109,1,84,1,87,1,68,1,71,1,21,0,0
69,25-May-20,Malaysia,172,0,7417,115,34,5979,1323,8,4,5,1,147,1,122,1,110,1,85,1,88,1,69,1,72,1,22,0,0
70,26-May-20,Malaysia,187,0,7604,115,62,6041,1448,8,5,10,1,148,1,123,1,111,1,86,1,89,1,70,1,73,1,23,0,0
71,27-May-20,Malaysia,15,0,7619,115,42,6083,1421,8,4,6,1,149,1,124,1,112,1,87,1,90,1,71,1,74,1,24,0,0
72,28-May-20,Malaysia,10,0,7629,115,86,6169,1345,8,4,0,1,150,1,125,1,113,1,88,1,91,1,72,1,75,1,25,0,0
73,29-May-20,Malaysia,103,0,7732,115,66,6235,1382,8,2,7,1,151,1,126,1,114,1,89,1,92,1,73,1,76,1,26,0,0
74,30-May-20,Malaysia,30,0,7762,115,95,6330,1317,9,2,3,1,152,1,127,1,115,1,90,1,93,1,74,1,77,1,27,0,0
75,31-May-20,Malaysia,57,0,7819,115,23,6353,1351,9,2,10,1,153,1,128,1,116,1,91,1,94,1,75,1,78,1,28,0,0
76,01-Jun-20,Malaysia,38,0,7857,115,51,6404,1338,8,2,26,1,154,1,129,1,117,1,92,1,95,1,76,1,79,1,29,0,0
77,02-Jun-20,Malaysia,20,0,7877,115,66,6470,1292,6,2,15,1,155,1,130,1,118,1,93,1,96,1,77,1,80,1,30,0,0
78,03-Jun-20,Malaysia,93,0,7970,115,61,6531,1324,6,2,0,1,156,1,131,1,119,1,94,1,97,1,78,1,81,1,31,0,0
79,04-Jun-20,Malaysia,277,0,8247,115,28,6559,1573,6,2,2,1,157,1,132,1,120,1,95,1,98,1,79,1,82,1,32,0,0
80,05-Jun-20,Malaysia,19,1,8266,116,51,6610,1540,6,1,7,1,158,1,133,1,121,1,96,1,99,1,80,1,83,1,33,0,0
81,06-Jun-20,Malaysia,37,1,8303,117,25,6635,1551,5,0,8,1,159,1,134,1,122,1,97,1,100,1,81,1,84,1,34,0,0
82,07-Jun-20,Malaysia,19,0,8322,117,39,6674,1531,5,0,6,1,160,1,135,1,123,1,98,1,101,1,82,1,85,1,35,0,0
83,08-Jun-20,Malaysia,7,0,8329,117,20,6694,1518,6,1,2,1,161,1,136,1,124,1,99,1,102,1,83,1,86,1,36,0,0
84,09-Jun-20,Malaysia,7,0,8336,117,281,6975,1244,6,1,6,1,162,1,137,1,125,1,100,1,103,1,84,1,87,1,37,0,0
